-6.509320794380449859e-01
3.165813356852251736e-01
-1.272352644568062741e-01
-1.254559710941523243e-01
-8.134961497711282186e-02
-8.320453086111458951e-01
1.698538875440956941e+00
-2.856957748284801868e-01
1.068834255912685993e+00
4.650156309519868358e-01
-6.946508012620664640e-01
1.890849648865635946e-01
-1.358001400005949266e+00
6.870556613738868501e-01
6.795646698557025744e-02
-5.744176348314808944e-01
6.976686709055119895e-01
3.392451317666629329e-01
-8.623108877230614699e-02
-3.778312585271896840e-01
-1.411709757900132978e+00
5.455677451660834176e-01
1.789860537943579466e+00
2.145063260138246441e+00
9.829328432595270115e-01
1.077717289310275772e+00
1.520215286887977468e+00
1.407793839553767912e+00
2.854437208636457224e-01
-9.712174743180719272e-01
-2.933393297656362586e-01
-1.080440754412092197e+00
3.390931791559919084e-01
2.070710398154660958e-01
-1.880286821109141415e-01
2.417524406887133548e+00
8.275843818084902548e-01
-5.852558498043706203e-01
-9.948062161954197569e-01
-1.377852138894025247e+00
3.620954981462740085e-01
-4.531146254624919267e-01
-1.062364497517608752e+00
-1.119424969467991138e-01
1.305567162717157004e+00
-2.956972971949767270e-01
-1.534551852985109655e+00
-1.666983159357799726e+00
9.752209831004974294e-01
1.406027563943020864e-01
-1.519651165758143962e+00
3.998095080068716500e-01
8.927853825522827358e-02
5.028574458898473765e-01
-9.390701954488316350e-01
3.790418948259319798e-01
-8.442617816549458087e-01
-1.585483204503803506e-02
-1.098587294132372438e+00
8.624953364994020211e-01
-4.856221010153067841e-01
-1.809315166260764718e+00
8.089243390681744028e-01
-1.039177449371440076e+00
-8.378356272627066614e-01
1.793214708128119561e+00
-1.739880884047388943e-01
-1.742587879943682250e+00
-9.441237543286642442e-01
1.702587959297471309e+00
8.264561940680799079e-01
-1.108669817125598422e+00
6.961973488258498266e-01
-1.256442281160879970e-01
-1.337414817060229355e+00
-3.048964085025023807e-01
8.917677145604878675e-01
-1.004056662420143242e+00
4.687253593572832666e-01
6.349558120601307420e-01
-2.231502667870895462e-01
1.273636742473702732e+00
1.367429465365493479e+00
7.455199928791882424e-01
6.368857397148247612e-01
2.072528610791949610e+00
-6.133950030860412239e-01
5.707886901708515426e-01
1.135445421560178803e+00
6.520525196952340341e-01
-6.460876096357946741e-02
-5.272635631882846008e-01
3.362070456519916095e-01
-1.575875689353296860e-01
-1.479910292610641553e+00
-2.036007547669114459e-01
-1.013426436306678502e+00
-8.210416411497217792e-02
4.000437967762016656e-01
-7.820923939477004705e-01
-1.220611786877072946e+00
-1.231161799779019045e-01
-3.230548542735020567e-02
-8.137980985027722103e-02
-8.326537114420727859e-01
-1.470736181255636543e+00
-4.305261791593681386e-02
1.379863371140657158e+00
-4.712696053935872542e-01
-8.866256309942623925e-01
1.860623946473880241e-01
-2.083624769712929259e-01
1.083462933361001301e-02
-3.025601928409498709e-01
-1.069927409248136341e+00
-5.296508298462668796e-01
6.876756735760821693e-01
-1.129897027614643612e+00
1.239101233654976042e+00
-1.235687573787454391e-01
-3.182884429899411616e-02
9.127050634030105247e-02
-4.160141470874721970e-01
4.308138113121228741e-01
1.261589840951242936e+00
-7.282897259842116000e-01
1.304904435130860019e-01
-8.930442657834262166e-01
-4.896232078449631042e-01
5.877120854476569622e-01
-2.380805044222574551e+00
-2.206774456807779616e-01
1.501199678199295784e+00
-2.011995809545689351e+00
7.736384271863046280e-02
-1.104686017398976317e+00
-1.390509051731972479e+00
8.623182695520292818e-01
1.111323208593627099e+00
1.097119353304965156e-01
-1.936276510261212946e+00
-3.867886512381621400e-01
-6.395061796534219356e-01
1.087949478997811470e+00
1.159919111233487926e-02
-5.214155268992615166e-01
-1.303217154290149171e+00
6.683064569064002536e-02
-1.821366841989193741e-01
-1.666181766196343228e-01
-1.245573334781604202e-01
5.209226699297032637e-01
-3.268950547384844585e-01
3.357841703433432357e-01
-7.384177914162087797e-02
4.089271006771171280e-01
-3.349683958521777472e-01
9.528385865804174237e-01
-2.102078529245991145e+00
1.899950682729385942e+00
3.417541410808904168e-01
-1.741184460723335936e-01
7.612733643051365906e-01
-9.223121166409488370e-02
-4.904155849521100730e-01
-1.062613160745648155e+00
-2.739743839954739690e-01
2.873846551893219359e-01
-1.363679160403423962e+00
9.837459641480075234e-01
7.100901035072658685e-01
2.964843317091539129e-02
-1.839244640662035801e-01
-7.557217015720146813e-01
1.953793800651145995e-01
-3.851476232192432847e-01
-8.237878482537531744e-01
1.665800439693414237e-01
3.302914767122850925e-01
-1.463714774529090379e+00
5.343723741302799368e-01
6.571541817892333215e-02
1.348114078357435019e+00
-6.504503465633418302e-02
2.516297547343979701e-01
8.550286665062731828e-01
-2.325161380917425635e+00
9.688687720066402331e-01
4.549138410692259993e-01
-1.261296774195768577e+00
-2.597265376920944169e-01
-2.382426197696584785e-02
-8.920285514879231492e-01
5.266274793880937333e-01
-2.729787039425586315e-01
-1.867278206887052372e+00
-1.496136017030386123e+00
1.867362458715141060e-01
-9.792609928055476809e-01
1.491735988867070706e+00
-9.335880205690023637e-01
-3.739332809051181261e-01
-1.724917776686307747e+00
2.709003066743864707e-01
-1.039349181889678286e+00
-5.573112754053535234e-01
-9.688272307632085356e-01
-6.207452328319555956e-01
-1.996208406935316759e+00
1.587352337879442521e+00
-4.598499045936413898e-01
9.536401658254161084e-01
6.677075022034137941e-01
9.924667562218485450e-01
-5.266428558375655378e-01
-5.518491287962791203e-01
-1.304975394456140414e+00
-5.990582098726837668e-01
-9.124847052504303502e-02
1.097804894999882430e+00
-2.397087193152211138e-01
-6.728991617935011771e-01
1.216958392891967167e+00
3.882880216730908440e-01
-2.793781315553245381e-01
-9.862436963273468749e-01
1.462467465611733131e-01
2.026925764150405485e+00
9.262201752865018012e-01
-7.903954260284205002e-01
-1.345123052177414236e+00
2.721458873929787914e-01
-6.666573134984966620e-01
3.132482688891060074e-01
4.121598552652712688e-01
2.623983270266258661e+00
-4.442513536776280247e-01
-1.481250509813209604e+00
1.601183596000763432e+00
1.002600016648497405e+00
-2.167208687863895755e-01
-1.095074850478922945e+00
7.913597032601253911e-01
-2.105505839623257047e-01
-1.454246819087494202e+00
1.050273040218882015e+00
2.025914780249010505e+00
-3.705945554152158174e-03
-1.334969771661729532e-01
-6.961127870544133733e-01
-1.141750885881042121e+00
-4.606349993626787098e-01
9.130609038670869371e-01
-1.299350292157627207e-01
-1.085351441678498174e+00
6.173688626535723811e-01
2.029802176425119953e+00
-3.955796949246985772e-01
-4.997113432672806721e-01
5.601376796769725885e-01
4.032118634951299407e-01
2.755796629840550627e-01
7.327572458299735914e-01
3.872701993941253251e-01
-5.034389316656980862e-01
-7.971315810302150862e-01
1.303096118072484266e+00
-1.457132391232250287e-02
-8.605719898254322597e-01
1.918088395527196122e+00
2.281535736371247125e-01
-8.457216727310217230e-01
2.073424659012601090e+00
-1.761628660622312603e+00
1.503226556511899625e+00
1.284501668041048594e+00
-9.212561334260049861e-01
9.920055931540516792e-01
-8.634635083968290881e-02
1.274374525733853458e+00
-3.571738804253691835e-01
1.514561607175657354e-01
5.977297765017949294e-01
1.760968078862013231e+00
1.052925608785771905e+00
-3.388916011637709697e-02
4.507475320663957841e-01
-7.244537913751484259e-01
-1.239428558529489965e+00
2.886313097566675645e-01
4.644586074279830057e-01
3.936429673168679866e-01
7.271174888276653592e-01
-2.521415706956720570e-01
-9.628934679872179769e-01
-2.413656009121001866e-01
1.452019935643150239e+00
-1.292975642954004578e-01
1.992771708597391445e-01
1.487571540748030774e+00
-2.253524358820629403e-01
5.851732320539179133e-01
-4.535850339955694310e-01
-4.849703100624794261e-02
-9.505271258643389620e-01
-1.673448553328325261e-01
9.709986777465208843e-03
-5.637406599149324959e-01
-3.272895822162141810e-01
1.204806392332101295e+00
-3.883810259799096859e-02
-1.006884872111462048e+00
9.013807433653110435e-01
-1.030679837379667285e+00
-4.098270412784185690e-01
-1.272877169234129191e+00
1.223510360120109164e+00
1.078049846574371529e+00
7.158518503313128223e-01
-1.196511880615888535e+00
-7.178426288763852803e-01
4.939937527057993161e-01
-5.845118197918741654e-02
-1.068399018481466900e+00
-2.541417421799037069e-01
6.200406143905861089e-01
1.439613588190137294e+00
-1.036629149033091890e+00
3.663533683241344541e-01
1.410871579620072591e+00
-2.817876504886031030e-01
1.466749165469304561e+00
3.817843047636158144e-02
-1.196459737790194433e+00
1.423103032786973351e-02
-2.033490870530330064e-02
-9.742899217236051790e-01
-9.036982949974110557e-01
-2.000073178454359613e-01
4.290646604463180247e-01
3.772165068105671759e-01
1.600028016339021475e+00
1.489000803967759579e+00
2.991407690796036856e-01
-8.600557556703695150e-01
1.212353974563588482e-01
-8.208847486168487084e-02
-1.607253369729996884e+00
1.331567799410477759e+00
7.705036735063679476e-01
-4.047615593765439140e-02
7.736658452145894760e-01
-3.187803007664127275e-01
-9.072083838854814175e-01
-5.056747000299315342e-01
-2.170216016302796425e-01
-8.244872745661877000e-02
-7.683663626680663494e-01
-5.158537182240485741e-01
-1.559243602832976139e+00
-8.332820090262539336e-01
9.139992364672107072e-01
-8.748959982802068103e-01
1.298048548823530490e+00
-7.037834707098781228e-01
-1.060393565780988423e+00
-1.402691065373176560e+00
-5.667052046815600486e-01
8.288526380614015254e-01
-2.538720660039806010e-01
1.051397963846898875e+00
-5.833491377797399569e-01
1.724652413030058062e-01
1.048629956020497023e+00
1.230721514470617173e+00
-7.051732482194866813e-01
-9.934205227705923402e-01
5.049583271199325346e-02
2.576298759285994056e+00
-5.278565023335068940e-01
8.818428118712896557e-01
-3.118828596894239191e-01
-1.434480091375558208e+00
-7.010086143123465119e-01
-3.649074901232824963e-01
5.007170459433560872e-01
6.058620587237095734e-01
-6.022370369216758501e-01
3.491787210420184695e-01
1.023471722488352276e+00
9.428040101141133000e-01
6.639331020469925460e-02
-9.751582158249681997e-01
-1.217250410882248612e+00
1.107891358432544715e+00
-8.595734160699176618e-01
-4.669242177890993717e-01
-1.841209401033033988e+00
-4.011449466529125041e-01
1.361319538353351899e-01
-3.760296317525676502e-01
1.771470003367562107e+00
1.285854753178732324e+00
6.482616554727675950e-01
2.056917227595117525e-01
8.587476194188162770e-01
8.026495123089467665e-01
-7.481013915309913109e-01
1.375976032566867957e+00
1.275307280225818352e-01
-1.063169816400403755e+00
-4.298361191240350765e-01
6.760732593070535312e-01
4.417516154170868237e-02
-1.803439360559273563e-01
2.060970433351689279e-01
1.518291348768677496e-01
1.855500008978794968e+00
1.056177579542589701e-01
-1.142400693741042028e+00
1.428883032602647152e+00
1.000435838224563945e+00
-1.206303838543750562e+00
-1.963839782897129682e+00
-1.705001593936608772e+00
-2.057023522383978065e-01
3.626728588271200260e-01
-1.337461871107211708e-01
-6.835284531703745836e-01
2.136495269295429766e-01
1.701996926160546930e-02
-3.274789136183969135e-02
4.272737035761401958e-01
-6.002790965356304964e-01
7.503017324693201928e-01
1.434756265982178203e+00
9.279974719594437094e-01
-9.107818735020700718e-02
-8.156756822522209793e-01
-4.535903107945848389e-01
-3.176021938972197617e-02
-1.651918990762410999e+00
2.218255877847296054e-01
-1.823841506420197378e-01
2.841850557586794168e-01
-5.574622565640332539e-01
2.444382981990185777e-01
-5.285450170493538602e-01
-6.044723681588057840e-01
2.176945092071768673e-01
1.255212569586948712e+00
-3.667349726374514729e-01
1.541854267040623505e-01
1.172923283230832503e+00
-2.741949444331586716e-01
-1.233397024465248348e+00
-1.117261969814587586e+00
-1.019664681269490947e+00
4.979986975946791294e-01
6.416067364893521807e-01
6.958819711120287632e-01
4.637117842043551874e-02
5.655576376905191438e-01
-1.001606930220178215e+00
-1.332147042901024245e-02
-5.155492828436941677e-01
8.962085534609577631e-02
-2.180618688966572627e+00
-3.176524187625307527e-01
-6.091665841652332825e-01
1.481133477659443809e+00
4.619819253864214381e-02
-1.351392650702271103e+00
2.105171788452251835e+00
3.612369482555222167e-01
3.850232710127138858e-01
-6.004179974909412687e-01
-9.093440357701769727e-01
1.962876989344410461e+00
8.166445450526563787e-01
-7.679207889805761411e-01
2.272745713120316868e-01
5.406767409661255019e-01
2.882594073713226623e-01
6.057564781809431365e-01
-5.417661245996649999e-01
3.851373231906088379e-01
2.273865389077786847e-01
1.027104267927850395e-01
-6.042606051430019498e-01
7.579493333551954315e-01
-1.726985320337883975e-02
-1.022749701569990677e+00
-8.502612332342124324e-01
6.076526340389895031e-01
-2.061929198421650344e+00
1.221465958086920045e+00
-1.398939948689559509e+00
-7.156681022060659147e-01
-3.794141128819172870e-01
-1.255029474448688731e+00
-1.171501083668873067e+00
1.445991196211468210e+00
8.568283396485556480e-01
1.113469513159719648e+00
2.251371874394347383e+00
1.461258148435924165e+00
-1.469159420026977747e+00
-9.516088246224816416e-01
4.345173827837147673e-01
-5.740825568060358153e-01
-9.310159776889167516e-01
5.969231960110980006e-01
-1.992111638803960583e-01
9.134205369252027529e-01
5.172877017601611449e-01
1.381602218750952238e+00
-1.205221373360625847e+00
1.359224840605141482e+00
-2.777150789206968007e-01
-4.932324720012256081e-01
1.498327921630244752e+00
1.141939940695100075e+00
-4.386564202619212538e-01
1.215546096966818174e-01
1.369509120259808199e+00
-3.040411212351078474e-01
-6.891717682439367776e-01
-1.767965216966110031e-01
3.326414215907793070e-01
-1.279409882777047536e-01
-5.060169919559917018e-01
-1.362358710151707841e+00
9.898293595899534392e-01
1.225948057336710528e+00
-1.153184025147985015e+00
-1.061478760871636728e+00
1.674638530625655319e-01
1.443526473129447707e+00
-6.190074645700739397e-01
2.938336971837292033e-01
-1.553291875942430789e+00
-1.298061143546136664e+00
-6.493836787482816231e-01
2.503078226968354691e+00
-5.147547406354868738e-01
-1.104695937978700249e+00
5.938942512129273821e-01
-4.208320183450535434e-02
8.955697344273483296e-01
-8.337651363308690167e-01
9.106099869307446859e-01
-4.568317788692343728e-01
-1.072118905404236544e-01
-5.041926459914467529e-01
5.682234622643210775e-01
3.381597780079719229e-01
5.570420419809497536e-01
1.972593848179323262e+00
-1.478213637766798705e+00
-6.270279273680966492e-01
-8.098740832819389945e-02
1.811223243134461869e-01
-2.006048813619882409e+00
4.586983548436296965e-01
-8.469912643355289594e-01
-5.306554896292582368e-01
-2.725356011597581229e+00
6.376230111596136174e-01
1.194554262548652934e+00
-8.963702422883856880e-01
6.706976356969933661e-01
8.854646798944391106e-01
-3.117783469678341302e-01
-5.800359963214387626e-01
-2.066598329925846134e+00
-2.648509414397537398e-01
-7.474069396348186345e-01
1.773797027258575465e+00
-8.149899790040899816e-01
-2.351044976819091636e-01
-7.425093254277702615e-01
-4.418160166249546217e-01
1.226293307679522160e+00
-3.421451715038715258e-01
-1.077305079032363277e+00
-2.365128428227190327e-01
-1.818623787591706620e-01
1.964364498399515435e+00
-5.579620236875397765e-01
5.114409007881609570e-02
9.253450369692524102e-01
-4.223896215672672816e-01
9.649563450801498243e-01
-4.365789747681833588e-01
1.867953020791177643e-01
3.542971261324238674e-01
1.170651337303000306e+00
-7.345247906793270776e-01
-8.629173009528172053e-03
1.878975578914176880e+00
1.009634155980152270e+00
7.770556047290904100e-01
-1.034633081153702117e+00
-1.457910674555825681e+00
2.073041462147588998e+00
-2.729838408799902805e+00
9.481801008984745011e-03
-4.028827559073495101e-01
-1.983645915929612258e+00
9.070494436267374505e-01
-1.023183651891427681e+00
-5.969119173051606886e-01
-4.312373138414171136e-01
4.230334209871541296e-01
7.146918908222287259e-01
1.589795619357333989e-01
3.636609552939685797e-01
-6.295849805984972403e-02
-1.341415728486961445e+00
5.214492652650947191e-01
1.397887939517199252e+00
6.848305497829845212e-01
-6.246433507130884077e-01
-9.271566741503297626e-01
1.182606146165804173e+00
1.631897230701443435e+00
-1.101240876673944102e+00
-4.813449800523442179e-02
-1.092327529283742882e+00
-5.383194667465001082e-01
-1.267139731576691908e+00
7.927000374376451663e-01
-1.993083898751659422e-01
-1.973987449932654403e+00
-2.422592662697299337e-01
-2.662924903186107972e-01
6.712405854854079923e-01
-1.845635739246946683e+00
9.957840047971246999e-01
1.367441273712202809e+00
-3.407405458485781025e-01
-1.093986894486171035e+00
4.814739248497564295e-01
-9.103732345832294959e-01
-1.256487192687790744e+00
1.126421098582526814e-01
-7.993161851631295223e-01
-1.146797057769154415e+00
4.136783844112132402e-01
1.625579423729288209e+00
-8.398120239561035483e-01
-7.059882939523887124e-02
-3.342771438940413398e-01
-9.203865966849669178e-01
1.757838715191333279e+00
3.080006819990170897e+00
-1.400008525725054742e+00
1.512488645979892077e+00
1.000810606467377628e+00
2.141569889277050720e+00
5.121708778691234087e-01
-1.816503385673061244e+00
7.568035049047679153e-02
-9.993576222709267542e-02
-1.116317839007605395e+00
1.340552056743345988e+00
8.892083718256963421e-01
7.429236596432207129e-01
6.076538732286804190e-02
-8.585923524359250214e-01
-1.995105559630110603e+00
-1.894913763835807341e+00
1.949216561459450991e+00
1.362706209555872017e-01
-1.427118841898744162e+00
-1.252612383879274205e+00
-4.338435901496694447e-01
-5.759249326495168297e-01
5.770146053677663867e-01
1.149468887777601589e+00
-4.599373394068065890e-01
2.668612273332926499e-01
-7.536717868790365760e-01
-3.843460301615732599e-01
-1.095513359950513882e-01
-4.375288778812319035e-01
-5.143255577459603101e-02
1.689545404060695422e+00
1.338490244843757671e+00
-1.481271851438854981e+00
9.740167455193347035e-01
-9.153843548837203858e-01
1.251719920908524131e+00
1.636116259823620078e+00
-2.571771561875877965e-01
-8.658437649328627472e-01
1.184427906222489391e+00
-1.287705018747701713e+00
2.292368797505671463e+00
-9.244522846970228969e-01
1.353552591014705486e+00
7.329497152758387424e-01
1.019344610308345160e-02
-4.034681682238475675e-01
-4.212594271745556118e-01
-2.076742642673128081e-01
-2.030205405588753065e-01
-1.015046669661333834e+00
-1.087217984708033214e+00
8.027547850118662565e-01
-1.153880540460189286e-01
-3.802279573639235632e-01
-9.224060632430786111e-01
9.293475505880748055e-02
-7.650518105020363002e-01
6.403983139586981732e-01
1.129698906834164691e-02
-5.094694837471065441e-01
9.927551817838968784e-01
-2.407361832106213573e+00
-1.076336740522401865e-02
3.247168086415933019e-01
5.852608042353750761e-01
7.139084463982005024e-01
3.539150723722438996e-01
2.277532288743597366e+00
-1.310068282110802250e-02
4.297843710409881557e-01
8.236484628475907455e-01
2.390284165875716793e-01
-2.681293411295853080e-01
-1.472465478540328387e+00
8.482293830675983193e-01
2.418219736864443692e-02
-3.738614985909540223e-01
-9.229722437272840363e-01
1.832240756554008934e-02
-1.173378494496480906e+00
3.155688347457279996e-01
1.405877724546583663e+00
2.670036084527101505e-01
4.094689036517014658e-01
3.364060917978928256e-01
9.140343161006493355e-01
-2.874491720100577741e+00
-4.042684946534664814e-01
9.864818181148486964e-01
1.401412934625948070e+00
7.655337015658746080e-02
1.651984129304835125e-01
5.236049377545701766e-01
-1.364580229333125061e+00
5.994619049789469134e-01
8.457550948404592983e-01
-1.203715002709553561e+00
-8.968664448429125580e-01
-3.307258363141496460e-01
6.372816905159955914e-01
1.371863569490591628e+00
-7.972941094179949451e-01
6.641998941754295727e-01
1.023049844418345011e-01
-7.996224308016995908e-01
-9.531559681875566570e-01
6.714601947447922381e-01
1.675863985297155467e-01
-8.755225036970775143e-01
-4.048041168708029214e-01
1.349988933949050285e+00
8.536034835997794445e-01
9.083705051855989199e-01
-5.749016749633888146e-02
6.443589424043391078e-01
5.757821343571860595e-01
4.817024006519347035e-01
6.863265660247632738e-01
1.811364594660823002e+00
1.765339590460741848e+00
-3.194628160204500689e-01
8.564370801043299508e-01
1.535925058544246546e+00
4.404277964249383448e-01
-9.335237671449614361e-01
5.216671894731885750e-01
-1.156110263090360663e-01
-6.140974507970039520e-01
1.365431025577992452e+00
1.211480437389922837e+00
1.371886227713907391e-01
-1.577609416136003473e+00
3.190226689732457710e-01
-6.071074718375479851e-01
2.652327360176377491e-01
-2.901684691585059706e-01
2.319813968575859253e-01
-6.871363336786205922e-01
-5.995126736234110965e-01
6.482356595362477325e-01
1.345552984468105118e+00
-8.913750226724161119e-02
-1.283779591616201587e+00
-3.039751383985487831e-01
9.232706993540620299e-01
4.771495003581375793e-01
1.342203243620773367e+00
-2.196929626034677119e-01
1.795222719765420250e-01
5.346808857467406639e-01
-2.116325117118548482e-01
-6.069153426757447622e-01
1.880848950991905189e-01
-1.697006745894553692e+00
-9.070261458983157610e-01
-4.650217196575877621e-01
9.542042264351072722e-01
-1.157299691009815890e+00
-9.455435415221002948e-01
-2.115653809982140476e+00
-3.675737655202386267e-01
-9.871789827315532451e-01
1.994357548062052621e-01
-8.983851562002564961e-02
4.590550022612659986e-01
-4.195686024114515522e-01
2.051898332911805678e+00
7.169915886773427227e-02
1.222698053826153819e+00
-1.201434886385370215e-01
1.025054593118229995e+00
1.087771252537967026e+00
-2.304335064779773623e-01
-4.607567930697784586e-01
-1.571294834713235167e+00
5.252460493641221140e-01
1.227329524466406863e+00
5.789688178681419162e-01
-8.046227841995811092e-01
-1.524384540421205581e-01
-2.998718732005164478e-01
-2.572768136635782410e-01
-2.541620914593123892e+00
1.678121112513250579e-01
2.234538344811333455e-01
6.258249251183570783e-01
2.127685204278060738e+00
1.065588042490301701e+00
2.342449197147361828e-01
-5.430465387473122352e-01
5.426608058851400962e-01
1.066828629125006200e+00
-4.768611972235233670e-02
8.433727793773111436e-01
7.127612221624335387e-01
-1.053115720308945402e+00
-7.139928373694134356e-01
9.800958861023291169e-01
-1.143688220682773204e+00
-7.049897698886015140e-01
9.041986562198185418e-01
4.393196290077132082e-01
1.236917022411272576e-01
-2.824182937164147478e-01
-1.915064350067418930e+00
-7.637053009113224933e-01
3.575936035827103066e-01
6.627719189393062316e-02
-8.127737870566106304e-01
-5.544132213071480131e-02
-2.308278072088481292e-01
8.854589778490706831e-02
1.155062405394395864e+00
1.527737095055251793e+00
1.236324209908200134e+00
4.833052116929921482e-02
-1.429464575534471038e+00
-7.240025069013296122e-01
-3.981174263084002463e-01
2.398156562010717252e+00
-8.978753395189854603e-01
-1.117064267767388097e-01
1.730402723867655590e-01
5.720426533551363768e-01
8.369233656785840525e-01
-3.615911040906947260e-01
1.033514000420285406e+00
-1.439890390260568198e+00
-1.286295585319908952e+00
-2.675930041301842199e-01
6.052325963213884830e-01
1.074413269347136879e+00
-1.636166961872594694e+00
1.194491128914517475e+00
-9.137932225529062924e-01
-1.359993677066598350e+00
-1.497260677607805235e+00
-4.539775730217063265e-01
-3.235766831229685003e-01
-1.168468624065128081e+00
1.599875050154107026e+00
1.074365437436362702e+00
-7.385172446407842206e-02
-1.264774450042187359e+00
9.353286003808951588e-01
1.500949516791838967e+00
3.473952442066344237e-01
1.076142047628629583e-01
1.481171299546521603e+00
1.084477762752333596e-01
1.569708590932122061e-01
-6.068403241527777769e-01
-1.947624074082928924e+00
1.295475400736291860e+00
-4.354595357728359151e-01
-1.504565378145159782e+00
4.973659429562107825e-01
7.948679735140082858e-01
1.441339758076602084e+00
-3.574990316831972437e-01
-2.668263065419470559e-01
2.098553402278941493e-01
2.353007450080149554e-02
1.801608013198793712e+00
8.723582765107963377e-01
1.010791737088191991e-02
1.283425130682398496e+00
1.895643308774167674e-02
-8.474571296340855930e-01
1.482412732153536528e+00
-2.862241617658281556e-02
-1.698227030876677812e+00
6.787514827397823636e-01
1.209691908987838405e+00
-1.985837952385143823e-01
6.725257871084717731e-01
-1.108693322075012144e+00
-1.488603126587233261e+00
6.167531536799512049e-01
6.261960393136341008e-01
-8.160430043702427971e-01
5.052304224846299041e-01
1.183261989213046705e+00
-1.300410448820486176e+00
-1.567674498150869455e+00
-1.032160175449244599e-01
-1.054974763707241081e+00
6.845606157051630225e-01
1.930895915796964957e+00
-4.252774205911472039e-02
2.973340875621757196e-01
1.411874045960534174e-01
1.536404907790822172e+00
2.776934797555810630e-02
1.705130571170176301e+00
3.033179689293259984e-01
-8.982501316137179170e-01
-1.364482775791330926e+00
1.008957171488289895e+00
-8.235820429241019758e-01
1.012081962648125444e+00
-3.135265320237186071e-01
1.124671587654016536e+00
6.828055130233910974e-01
3.093234161948780758e-01
-3.050942683936325728e-01
6.485660887829685084e-01
-2.475005104004284195e-01
-2.510014601099208043e-01
-5.156312031540918328e-01
-4.267983999895456626e-01
-4.840773645061149932e-01
-2.289388904936423552e-01
-7.256535541991142590e-01
-3.220576809000456620e-01
-9.434562844666113390e-01
-3.352189413633677173e-01
6.088006168658532946e-01
-2.013890342744086570e-01
-6.129344697283749532e-01
-2.524480466030322723e-01
1.784788481660452009e+00
6.375073867761960056e-01
-2.543176121324258077e+00
-6.967573348383635512e-01
-4.409433044442228472e-02
1.598168735953640063e+00
-4.853375940259250787e-01
-8.467640633650125315e-01
3.216824294369636794e-01
-2.487038813726813180e-01
1.568868970454015688e-01
-6.597085165129360496e-01
-2.630028786917480987e-01
2.168404239782632636e+00
2.350926935806855744e-01
1.254749012716830592e+00
-7.157168189339950526e-02
-5.983179932551053737e-01
7.361598691404352968e-01
6.836013596608168097e-01
