2.798544535873391803e-01
1.684216313865520842e+00
4.613694024445795794e-01
1.382975612684300248e+00
1.589606913476715455e-01
7.182134159866935263e-01
4.321212751150772746e+00
1.050114555937659150e-01
1.703355839953305750e+00
9.213419478936226703e-01
4.286082661416394379e-01
1.328609198093557042e+00
2.041180313231285126e+00
1.664259365995465645e+00
5.836275156519669771e+00
4.467620850259887422e-01
5.537554553447748829e-01
3.580406723008910941e-01
1.120138151531232973e+00
6.553845842798764476e-01
8.241154647126676114e-01
7.442999252643824892e-01
2.689976998245967033e-01
1.457031510203879776e+00
1.151440903164612894e+00
1.088268943612687334e+00
1.720493423404239719e+00
6.719653254444433177e-01
5.493088944093003079e-01
8.365697392101897889e-02
1.740899862483606397e-01
1.167125990269896885e-01
1.703814323905873118e-01
5.245323896583370393e-01
2.650604969591104920e-01
2.156337553142309016e-01
2.210329940304348817e+00
5.533442506723434962e-01
1.349930050783546109e+00
5.917047925568675870e-01
7.318790346682032544e-01
8.503469136824827190e-01
6.437742142862473704e-01
4.333923959059450721e-03
3.692685662845070493e-01
6.863525716634812923e-01
3.984156433014456322e-01
5.081903913750999147e-01
1.065013286962263606e-01
5.254309821126113000e-01
7.493222591313318803e-01
8.159421813636159593e-01
1.115514143478454623e-01
6.042821128354874949e-01
5.879883670399127515e-01
9.209650318384034196e-02
6.943929670171427038e-01
1.246655565422932099e+00
8.709987116297174259e-02
9.079108497553756152e-01
1.026163687618460774e+00
2.832971726612409924e-02
3.186917698554369682e+00
1.664029368310380619e+00
2.177942845705566899e-01
1.108645115083055493e-01
1.345116164890945099e+00
1.016209841773066669e-01
1.223032236390896976e+00
1.276366214270990618e+00
1.794164730007561603e+00
8.897251774769461274e-01
6.075946645724090711e-01
2.885037267631240243e-01
7.460406908758300260e-01
3.040459294061290674e-01
2.443440018713789463e+00
3.905540872255745199e+00
1.378475938680451041e+00
1.591256526235405921e+00
4.605856468325441710e+00
8.009866375281941009e-01
1.986911582708293489e+00
3.260998144308212554e-01
1.617242980852981737e-01
2.057120419923594568e-01
1.128651174589651474e+00
5.567119758071772395e-01
1.267698370754904325e+00
3.905188461778555942e-01
9.197859451767860239e-01
2.550123884676934516e+00
1.414416841367600319e-01
1.698115724943360938e+00
4.253166808261089199e-02
9.895041060380974640e-01
1.691280766980845618e+00
5.127879994987376566e-01
1.034432806102972613e+00
2.528580666259986565e+00
1.596195100683234780e-01
1.462861517417779256e+00
3.452278296479612679e-02
9.742338168487136851e-01
9.169661846914251013e-01
1.349502940004588369e+00
3.237953432571016865e-01
9.378619085987889292e-01
2.261212016755735021e+00
6.789000467518420123e-01
5.458845900375811633e-01
1.601510475348222329e+00
2.156600757585664871e-02
3.320758281689124569e-01
9.282007819098045953e-01
2.225399240357755382e+00
1.835790459543303443e+00
2.721952742993046570e+00
1.350191570390790297e+00
3.245364117844803165e+00
4.487360354602253354e-01
2.652872765633347729e+00
1.519547791404112447e+00
1.001243642933717481e+00
7.291748629507251167e-02
7.266461022692344285e-01
8.279394280863906497e-01
2.792023271735941115e-01
8.847404701404616434e-01
4.636930435602296896e+00
2.143262618976752076e+00
2.208650923513500786e+00
7.971048640371235505e-01
2.839264899204449466e-02
1.540451660601307449e-01
8.515409920989258641e-01
4.525820368661906401e-01
8.167842440805690440e-01
1.060198931984616788e+00
6.039885147096996088e-01
3.644634106380640892e-01
2.782398585937805868e-01
5.359314935736245872e-02
2.096877759739327052e-01
1.183556406529428173e+00
4.715388305975131145e-01
2.387940595937879440e+00
2.031462981949914426e-01
4.672080156297641063e-01
1.506881510377737543e+00
8.730459530767342713e-01
2.414394603158455943e-01
9.929860654479565063e-02
6.270575665229707774e+00
1.098509991668747965e+00
8.056035265349235086e-01
2.469488392211315553e+00
9.004758389652968154e-01
1.568938029723021099e+00
1.159702106993637169e-02
1.244236866176674505e-01
8.786382920571370603e-01
6.423812004942989207e-01
2.002082076225645046e+00
1.159358703475853181e-01
2.135666605616721447e-01
1.074406680092204969e+00
5.966914356579945400e-01
6.282628778732076702e-01
1.491035977921844058e-01
1.021968163754124470e+00
2.870810826040679498e-01
5.992894441691173357e-01
1.004775065571754222e+00
1.971582630498708855e-01
5.897926063382215922e+00
1.705561221177375408e+00
2.105687429887850737e+00
4.207747944717098676e+00
6.537898873239992303e-01
3.844410074910135644e-01
3.028682987185086217e-01
1.890135716851566727e-01
7.610337218447055241e-01
1.279460453004416465e+00
2.033330296291535333e-01
1.402926897178878862e-01
6.687187309119088097e-01
6.791830831113598865e-01
2.424731455266375124e-01
1.897789416689442010e+00
1.194643621824661717e-01
3.955724964115731046e-01
1.115866037792058396e+00
1.324586102164909240e+00
1.353223290736358830e+00
7.266426461499982947e-01
2.400504644261304055e+00
1.186077947202035077e+00
8.208688004748545541e-01
8.735732075707173250e-01
4.176697287923112345e-01
1.982622914800053815e+00
7.982385766692778883e-01
9.528133837085547841e-02
1.582448136663546334e+00
2.844436242520318459e-01
7.211579091976150213e-02
6.287215587839628528e-01
3.234504862488098986e+00
2.913166389922443034e-01
1.126399978714547112e+00
1.824582500184322553e+00
1.598497633933348760e+00
5.782526013346523941e-01
9.192246755101081135e-01
1.034174285656498826e+00
5.087661861626993076e-01
2.779602842486248448e+00
2.018363846519772263e-03
6.562294181701662232e-01
2.198965245657046319e-01
3.173159777267539727e+00
6.558416513749858456e-01
1.371950079935869482e+00
2.529986672035349660e+00
1.451388563541062604e+00
2.812492507043078960e-01
1.343845172722438086e+00
7.054419778859074563e-01
4.300433227711474293e-01
2.818179254931062250e+00
5.505433271230404380e-01
1.562404950057957986e+00
1.215088335389003849e+00
5.738076517287159506e-01
9.603100183104847087e-02
6.305745259283744852e-01
1.703804043551926384e-01
4.959228727423710403e-02
1.401466914711917422e-01
1.956281430841956492e+00
1.929484638368509086e-01
5.746424565984853405e-01
5.201418916388210745e-01
1.534459713897251554e+00
8.731048694179670555e-01
8.079564206940046400e-01
4.920731343569328398e-01
3.329024654015090845e-01
1.227093117827009694e+00
3.530862590227277775e-01
2.947901454753901751e-01
1.037242587847516440e+00
2.341888593495256465e+00
5.375322862822005249e-02
7.020314506744322613e-02
5.706035398023868721e-01
4.386700033402426979e-01
1.370694260303544576e+00
4.552169585302890398e-01
2.421517711956435726e+00
5.257539272144452491e-01
9.710224016837406547e-01
1.667235052586333310e+00
9.053166933073031331e-02
1.342114560154117564e+00
3.121918049359323710e+00
4.711657497230252734e-01
7.705068723793554453e-01
1.182318085830017518e+00
1.078809665604016255e+00
1.118923397114118590e+00
7.658892326818538265e-01
5.857669121076731766e-01
2.299526515671423688e-01
1.711873700804642962e+00
7.769858504223734474e-01
2.646461672380516106e+00
3.967366933821501185e-01
4.329983801949846556e-01
1.522887669960571566e+00
6.037695751799362354e-01
3.501120997283065778e-02
3.361023706350300122e-01
5.130313194731220605e+00
2.114792013844297713e-01
4.788076948739323768e+00
4.618527911690144094e+00
1.125656454430169484e-01
1.085608986525256947e+00
5.959886356146878228e+00
4.026830707429474576e-01
2.216182315356396870e+00
1.145303259042995681e-01
1.605420841551120414e+00
8.303967300769191651e-01
1.828443410718252893e-01
1.179571750822637766e+00
9.106957242520868911e-01
7.180931168513158269e-01
9.251927017599612668e-01
3.027663205245475275e+00
2.063248338809668070e+00
2.524015730873941710e+00
1.368713628944946414e+00
5.748828712600817070e+00
2.895661588363652728e-01
2.157483305166412180e+00
9.217186345225319988e-01
1.158321288651176645e-01
6.319777290197470254e-01
3.183001868549262259e+00
2.608689444711611127e+00
1.335264037592373221e+00
8.029808722767217688e-02
1.917281717078772596e+00
2.754807740453191212e-01
1.641824084346202861e-01
1.071094012935223772e+00
9.905490233226441621e-01
6.627758040844839993e-01
8.770720842117149529e-02
2.516610404488157204e+00
2.315279048231452474e+00
8.924851988025439553e-01
4.858450502907571966e+00
4.529984294616096197e-01
2.919161528833700281e+00
3.980151968515417416e-01
1.122293578158435556e+00
3.420374548279145333e-01
3.946466731716613552e-01
6.228900453677048699e-01
1.098328536255425009e-01
1.557183393394792281e+00
1.650514493983588293e+00
3.898110730987462691e-02
2.946780508195006476e+00
6.000413682502863111e-01
4.780679715701240950e-01
1.593487022818492971e+00
3.267833657217319665e+00
2.803994799365039925e-01
3.811727007321950023e+00
2.594731791882634475e+00
1.502095069595207055e-01
2.218788855692757966e+00
3.170839186003713839e-01
2.396609657508693703e-01
5.700993910910145956e-01
1.129008405886585908e+00
5.503778331298379012e-01
2.531391095898686827e-01
3.150574851094094964e+00
6.016906537903988772e-01
5.803627144230026902e-01
1.788781010634747259e+00
3.285386631887726949e+00
4.757386884793790571e+00
4.555440685416766722e-01
1.143649331644990275e+00
3.694551096374197319e-01
1.049468008117895867e-01
5.952279559590367003e-02
1.109272554312272119e+00
1.108050637734206312e+00
3.145882023126717053e-01
2.413513634065570512e-01
9.868164700323071026e-01
1.379722924158756636e-01
4.930479456511532299e-01
2.500617022992825955e-01
4.156994255387632120e-01
9.658597260677791174e-02
5.990572274993114510e-01
1.564191797311081100e-01
1.234796971695409640e-01
6.211579349426862295e-01
1.529874078867867082e+00
1.982421481804499674e-01
1.020887062491145247e+00
1.518329800899826498e+00
3.223268248712877759e-01
1.355422970546357186e+00
1.503626085779014465e+00
5.879097508061921218e-01
3.527172303435921474e-01
4.152765444461863353e-01
7.086776277473227914e-02
1.054153114614331921e+00
1.312359893770011166e+00
1.012646905732843106e+00
1.590712208170033115e+00
7.217834901666480008e-01
4.894253577723246984e+00
1.700482845923073361e-01
3.871355373036062912e-03
1.968545557959427539e+00
2.823927599762241503e-01
4.289245756405182797e-01
1.228556270486299701e-01
1.351899496850507587e+00
6.648131524506060153e-01
4.813602083022928690e-01
3.835252547545199953e+00
3.742961721987371204e-01
8.952663891663761309e-01
1.969722533462523184e-01
1.976479764935763495e-01
2.687701423558234715e-01
1.011248827629089631e+00
3.492339909930395336e-01
1.138832833640446296e+00
2.200246595603390642e-01
8.405022095544276706e-01
1.290786143867859614e+00
4.676429247689704027e+00
1.779928869672454395e-01
2.400274538144549830e+00
5.665912342818128083e-02
3.356623767482652010e+00
2.659895584848522621e+00
1.463829697496344506e+00
1.363117133540541870e+00
1.006412037327528264e+00
2.758612173413914181e+00
1.505665991829693460e-03
2.143635169659460882e+00
2.450655932161211262e-02
5.426529092474208227e-02
2.431297490859844757e-01
2.386071183783050054e-01
1.194225307618577592e+00
6.263557308177805649e-02
7.264072076760051955e-01
4.271614769591348670e-01
2.577843632059535484e+00
2.673170788058160108e-01
8.407301716985987605e-01
3.169346473524532054e-02
1.206836497488984916e+00
1.491500903797283284e+00
1.790383303624794864e-01
1.858599552717261072e-01
1.518809594581501443e+00
2.137743853741982669e-01
1.047635257973731637e-01
3.675279006074949617e-01
5.567915693646281472e-01
2.366936366919990542e-01
5.155579344409858544e-01
2.458626643149610658e+00
3.338570033515447566e+00
1.986959819139498262e-01
4.644194764784909807e-02
9.422463953808885018e-02
8.690471275875411017e-01
1.336113743835746881e+00
5.010911790094343399e-01
1.988639585427480094e+00
1.953109844780189508e-01
2.625388377106757098e-01
3.925440964721682580e-01
5.985287554461073967e-01
7.319337876698176482e-01
5.951743207692881121e+00
3.401458137294403050e-01
1.393539991257807475e+00
1.097609404074362770e-02
3.864836410270056533e+00
1.584464905415284008e-01
4.102268862108301301e-02
8.638118396106153618e-01
1.338311356376294725e+00
1.015853655315749560e+00
2.495385500980418225e+00
4.288011451331620316e-01
1.256980556336072086e+00
8.670809808924603845e-02
4.954735312321487672e-01
6.485286015795591608e-01
2.044532687958700468e+00
1.050611936382977118e+00
2.066368077214288945e-01
6.592944467238002204e-01
1.470027242970720627e+00
4.355738023830987293e-01
6.682723758889979049e-01
5.390382014799778299e-01
9.315232388452512891e-02
6.599436784573536885e-01
1.363843809414972075e+00
1.595688491629673411e+00
2.047160584485391566e-01
2.178957173847952955e+00
5.329975575754748451e-01
1.419333920323728460e-01
2.667529523288635573e+00
5.733317107722645245e-01
6.756941698554012055e-01
1.998344796071638563e-01
1.809734662925288617e+00
1.439648990136463413e-01
8.908735346073274330e-01
1.533607487717705053e+00
3.379777402449730267e-02
6.867518616842182011e-01
2.267559574917950294e-01
2.817591505494475568e-01
2.343279319023801488e+00
4.309260949450220424e-01
1.703678327708486318e-01
4.150616523199484043e-01
2.628014251065085571e-01
1.232010633664414767e+00
4.904769413232609818e-04
2.697809787958699079e+00
2.516485697399692412e-01
2.455030477565204095e+00
7.598969439290672589e-01
2.474384705742009305e-01
1.416669024969848589e+00
1.502495433292477811e+00
2.573473007878187557e-01
1.192274426865066683e+00
8.286987162049475053e-01
1.351716192539468508e+00
3.630946837868514465e-01
7.567792431919062590e-02
1.144740404974956688e-01
5.162038955826913078e-01
9.626396738286332466e-01
4.271601234475373987e-01
6.628830190270911249e-01
8.772834027503424448e-01
4.645353749713782704e-02
3.037153412879853853e-01
8.600577591691134227e-01
1.032435147707778222e+00
2.450880147200078518e-01
1.987646832287812693e+00
2.161662306410684575e+00
4.256953497164373545e-01
8.460640104884300516e-01
2.434231288019240047e+00
3.584336305349002938e+00
4.269854982809324073e-01
1.685874966991489365e-02
1.122286116077816143e+00
5.283992624022086915e+00
2.562374701284251821e-01
3.407004067256429458e+00
2.190363860717429306e-02
8.638043369447526709e-01
5.453835373072396520e-01
3.933236542617879472e-01
2.487267404201502219e-01
1.209083153376639297e+00
8.739219461170798231e-02
2.359712271197817568e+00
2.456202045836883285e-01
1.408403634189911102e+00
5.214636534396341894e-01
2.758554132080051513e+00
1.271634507138182657e-01
3.898499889615718583e-01
5.774036151987498727e-02
4.212088007400767165e-01
3.116801022320667483e-02
1.370670955396885660e+00
1.471690640901434755e+00
1.623550154270323675e+00
1.031803101918455701e+00
1.174018175543516396e-01
4.196754885908142718e-01
2.696788086384172001e+00
4.078899490432463804e-01
1.696573224794987178e+00
1.090624588758298957e-01
4.610349540424591996e-01
2.430012545424954928e-01
1.360877651669444854e-01
2.291700859851866223e+00
1.690280671126017653e+00
1.774440146787892747e+00
1.924616640948076107e-01
1.436068673130822315e+00
1.007614331204020441e+00
6.850254277572260797e-01
3.488608029152255596e-02
1.945456426094904989e+00
1.221788490681743111e+00
1.946409561970091628e-01
4.974638417993638151e-01
6.414802482056329858e-01
9.331142483138045174e-01
9.239904765257979102e-01
9.565307869195830426e-01
4.610591740842343023e-01
4.881500581366111646e-01
2.458837215594424030e+00
1.442814597872273466e-02
3.544093369428397700e-01
2.037225664504543676e+00
4.342756879901697731e-02
1.139372372701443793e-02
2.475947933570140091e-01
9.292169133082238408e-02
2.331165062341126415e+00
2.113149833693954704e-01
2.152910997705310248e+00
1.051692518400326043e-01
1.727556535920978131e+00
8.580578363339539383e-01
4.188582796893501325e-01
1.171566864864869828e+00
1.243784652881826380e+00
1.536730645618058944e+00
2.304671203068894503e+00
4.927986601917448972e-01
5.221918554560138759e-01
2.803100892350729977e-03
6.674593167751190215e-02
7.573963418879997578e-01
3.891239522318107880e-01
5.389986113485334407e-01
1.256755611706656506e+00
6.909772966250310455e-01
1.698150799908394459e+00
1.778743361908270648e+00
1.437209843924952990e+00
3.560206525448499804e+00
9.503662540433057693e-01
8.984210135297543420e-02
2.326079640616062871e+00
5.431615979284463158e-01
2.252436385530566021e+00
2.080197135893103066e+00
1.721899364017792200e+00
2.324315756558460677e+00
6.761538577931913707e-02
9.228672379502110834e-01
6.332307484508132855e-01
5.262808770221632376e-02
8.766883128925953006e-01
1.319081024446228323e+00
2.879481374622919088e+00
3.465386177847847859e-01
3.464855637409994804e-01
7.306447496985783996e-01
9.464212972619781006e-01
1.805504775000148276e+00
1.457955176028041588e+00
9.729226335053786645e-01
3.562010283996443899e-02
7.283222700453162446e-01
1.156590134147857940e+00
3.679274792784281156e-01
2.997628736276640726e-01
5.420101310152014573e-01
9.409882451490880761e-01
1.205510062776996572e+00
1.714376414751195066e+00
1.585046155693842218e+00
8.646303496175468117e-01
1.786165618654917520e+00
4.998476011891593851e-01
2.569670011601957071e+00
7.002732599501165778e-01
1.223715346072656418e+00
8.004239853219183853e-01
2.682328222179042321e-01
6.003949365313735465e-01
2.927967597124406574e+00
2.298002577469673569e-01
1.525642011074106685e+00
1.706455781509076397e+00
1.629894865878347199e+00
3.076549488813282163e-01
9.682734630535945186e-01
1.325958920531467300e-01
1.245285365198635752e+00
8.013829798294037909e-02
7.171800960203248421e-01
7.431698264111412655e-01
1.224815430850830111e+00
3.414186534240286619e-01
6.270374679707355070e-02
3.756031000873168324e+00
6.786364759616476672e-01
4.735594132397719092e-01
2.816376125645918993e+00
1.668273982637708208e+00
4.582770740506218465e-01
6.639000706704718535e-01
1.380382793150874532e+00
1.368665316318343553e-02
9.699464225706833087e-01
2.719487003914008993e-01
2.009139663943296517e-01
9.765769375509934791e-02
1.048206137610024763e-01
4.223571745238721142e-01
2.256015909312814594e-01
1.193341511411893707e+00
8.668209908082210591e-01
8.117130294414423020e-01
2.119345199844290484e+00
1.519697379720771790e+00
3.703381982429125308e-01
2.667949569076911720e-01
1.716774475888108942e+00
1.640014895468490774e+00
6.443504482667320246e-03
1.933978335622616937e-02
2.595896308369938232e-01
3.603735848830343369e-01
4.528821796162575963e-01
2.029930031335029916e+00
8.823286960215256380e-01
3.570753159068735805e-01
1.078020585605666160e+00
2.084567209892942419e-01
2.438773668686129881e+00
1.323740457729913000e+00
1.506897812358316768e+00
9.495023181662193973e-03
3.851734139620288100e-01
1.633380773749368187e+00
2.235164263300217335e+00
6.717945722805224174e-01
8.481121337044591479e-01
9.234373430467137656e-01
1.032279765907473834e+00
1.095861530593917665e+00
6.143942691732880990e-01
8.492835040759751930e-01
1.318609120956444336e+00
1.613038806886134324e+00
6.189784583248264305e+00
1.872615654293051379e-01
6.017646293425512605e-01
5.859876192760867797e-01
4.443918407216620459e+00
1.263998565008999098e+00
2.600410515291321722e+00
6.913482679442403134e-01
2.266632022672303293e-01
9.052523560190983698e-02
1.577673557602984611e-01
4.045000093073032876e-01
1.456666565479658226e+00
4.667349925404847832e-01
1.004168797634898969e+00
1.095984092774765051e+00
1.121244821262210367e+00
5.723298785101229580e-01
1.698547996721697095e-01
3.807885756863899074e-02
7.559254690118132336e-01
6.723673419760533010e-01
4.872159436380207875e-01
3.811102642859558465e-01
2.410797402756769348e+00
2.413109876275670640e+00
8.752518507105440104e-01
1.403527530791957467e+00
1.861322549300898910e+00
9.023778631457225361e-04
1.276814147408026123e+00
6.459597454726745624e+00
2.489379178325201725e+00
1.651826850874963615e+00
6.393786114985302582e-01
1.834828591833182809e+00
9.583414848620513959e-01
6.893228474096179115e-01
1.576734054525310791e+00
3.188302615305519616e+00
1.769838222767432967e+00
5.000159957856099568e-01
1.590728499413790686e+00
2.756037055489805598e-01
1.428281628060910080e+00
2.997056216153216046e-01
3.506907331778451598e-01
9.855227035143127035e-02
1.355857312194865827e+00
5.330711783803999682e-01
3.943410760171356944e-01
3.149354438060272265e+00
1.766329181105574575e+00
5.202710451750099940e-01
9.182544269421675232e-01
6.734363873661816102e-01
2.451178539217657160e-01
2.826936213940971943e+00
8.303778577388897242e-01
8.522588403533443158e-01
2.119890752042598303e-02
2.691121751444784382e-01
1.795984623200903019e-01
4.238735057461694988e-01
2.361138769051041864e-01
1.820438429366967314e+00
6.773100913284175739e-01
1.179518343066354280e+00
1.386428979670214501e+00
3.561070345215808786e-01
2.597742915656499618e-01
5.129238524219936757e-01
9.055888614795693306e-03
3.535551968609998985e-01
9.504280208158228938e-01
2.351630445650670642e-01
1.554811069991643313e+00
3.920390531046997196e-01
1.263666476594440313e+00
1.153254552581056913e+00
2.020058573349011732e-01
5.125723182287392099e+00
3.142539677140738785e-01
4.133124651334892263e+00
2.076902189030884749e+00
8.545941088869314362e-01
5.505571895328036369e-01
4.691414435376036612e-02
1.690089006563610052e+00
7.316127184982870180e-01
4.554219099148560268e+00
6.213869538246235003e-01
1.568173534347923892e-01
4.629157172729823633e-01
1.831628633148872698e+00
7.551494673755558829e-01
2.147467887677505793e-01
4.227271421856390599e-01
2.327487757923292211e+00
6.572893431693713762e-01
2.349051259587776053e-01
3.883953208062538298e-01
4.381026431125423670e+00
3.713410580651493320e-01
1.234924470240376104e+00
9.735411718346161924e-01
2.043660671505956872e-01
5.486798527370115863e-01
3.761279541299070162e-01
2.124359309135111784e-01
9.843927776254417505e-01
2.016359995174696051e-01
7.709317427633665121e-01
1.328072412495095778e+00
1.852304625451648146e-01
3.529527314436414209e-01
1.715140434227696353e+00
1.087966408073722246e-01
2.087027255164126682e-01
7.879722885865965143e-01
4.023770132031114777e-01
5.235165211111740824e-01
4.173638753319833805e-01
5.406132414815196206e-03
5.082167733078313265e-01
2.234209873267471558e+00
2.837394776000324859e-01
2.892437216910237474e-01
6.912122270353899811e-01
1.256141614380445803e+00
7.639500092278421750e-01
9.628736450681479875e-01
2.266351822802687543e+00
5.905878237376547060e-03
1.782792548777197839e-01
2.088243797020973513e+00
1.116754485136823849e-01
6.612059150114288908e-01
2.025193736770360131e-01
1.897483341842837734e-01
1.198058607613269100e+00
1.708320624521574294e-01
7.759314428278351050e-01
7.926357555921936804e-02
1.810090659905092769e+00
4.244667386718577795e+00
5.175806485124100353e-01
7.132667482041978868e-01
8.242246006513384016e-01
1.310889717953733546e+00
8.432180798863610216e-02
5.871436538177594588e-01
7.121823969334422078e-01
5.461800002454397784e-01
1.523952250912083084e+00
6.342332605633785869e-01
3.029946883799607832e-02
1.453284833364789641e+00
1.396223620247218689e+00
5.109710586030838941e-01
1.455507597237492234e+00
1.315551461781249376e+00
5.977076520011964655e-01
4.851932162945342131e-01
1.725514741986396983e-01
1.968892838595416528e+00
1.290296286779059609e-01
5.085696465334327954e+00
8.684930524102199567e-02
6.436669608825352773e-01
4.987404355607312767e-01
2.008907660520389479e-02
6.521191217784709782e-01
1.285941564054757236e-01
2.318802531606932948e+00
5.821295703176069258e-01
2.301681070273140950e+00
3.360160348339551462e-01
1.512775241433037543e+00
2.289711593832637060e-01
6.287265257264202933e-01
6.599507196043793988e-02
6.661268118498083757e-01
1.009925413082162438e+00
1.417151956156450288e+00
5.713329063576762401e+00
9.286542365806830235e-01
4.042160738522186936e-01
6.087235485483076525e-02
8.176652158464975395e-02
4.088340398845613954e+00
1.113807438887000956e+00
4.606192713512181069e-01
3.777009767484266756e-01
9.689058558047581871e-01
1.718701642484682657e-01
2.600492513331911226e+00
2.887877946086952474e-01
3.277161331334443872e-01
6.010232550801504203e-01
9.079617647162349647e-02
5.412840694875702408e-01
1.450519107942616515e+00
8.267525059638675122e-01
8.899950674827615815e-01
1.655617771092360746e+00
1.442368163425907512e-01
1.703374646172812756e-01
6.677289583736867318e-01
1.004605128329486119e+00
9.175601907108117405e-01
9.982555674841223636e-01
3.223849201888002725e+00
4.273656210468923966e+00
1.939079250800225807e-01
1.965364461375026739e+00
1.047100463673223292e+00
5.170041132324694200e-01
3.113792450751982965e+00
2.155609181346693770e-01
9.372104245616495743e-02
5.955518831262256452e-01
7.190709568819010356e-01
6.456825433474501219e-01
3.196645444724209306e-01
1.695540540208079205e-01
8.131657697114430539e-02
2.151093586342196051e+00
6.304685134249936596e-01
3.690437618012518683e-01
1.650803169047577457e-01
1.448756489679495219e-01
1.430369325834664196e-01
1.817111148896855682e-02
1.398948458314305698e+00
1.300947896706355467e+00
1.435218846559173644e-01
3.446077852017506715e-01
1.197083027459500265e-01
9.379122899749024744e-02
9.918309116167287609e-01
8.337114800530436298e-01
7.853503163175132862e-01
1.237860381346270744e+00
8.904995143528730006e-01
3.219967439396356212e-01
6.081887648659546619e-02
1.098123738947371475e+00
1.396817595662511513e+00
8.297324905890936242e-02
3.424199926823931484e-02
1.199839532783460783e+00
9.708338965016378719e-01
1.275666280882884474e+00
4.953972653208071897e-01
1.435921708896744420e+00
1.792641066404212946e+00
5.483995863803972082e-01
1.170446164912671699e-02
1.562683340704224821e-01
