8.586598353713213727e-02
1.109322406189018562e+00
1.685931137071867036e+00
1.817823690254241509e+00
1.422422418883146022e+00
9.943222760799012017e-01
6.309194109666894645e-01
7.556967754213388122e-02
2.333252082675383310e-01
4.115900638242971366e-01
1.822833230975193508e-01
1.704025866396536026e-01
7.317879475863786620e-01
2.059822076574291672e-01
2.378038786142956662e-01
1.546379643520180647e+00
2.802093146577025462e-01
3.715925498101883662e+00
3.751031396020328978e-01
3.530041633055045619e-02
6.896314766307783950e-01
1.939132788959083142e-01
5.169464291246599341e-01
2.973633683576893394e-01
1.148800243645422825e-01
4.562715808823567976e+00
7.577976087316706799e-02
4.239886778058394867e-01
1.173468969461804567e+00
3.973755233689103550e-01
4.978208506178393722e-01
8.221306057074405649e-01
1.084823205056117540e-01
1.749814763857125699e-01
2.191370201395401451e-01
7.174332806005261354e-01
5.787573986012792826e-01
2.690883917831805583e-01
2.917842905173390289e+00
1.276132476384914671e+00
1.193942921879754371e+00
4.648561577618868790e-01
4.409691419442640092e-01
1.634848246841029695e+00
1.404092023363826769e+00
5.717235574541708054e-01
7.290927330707346332e-01
9.002652356642156795e-01
2.952669164832191662e+00
1.912973444918157018e+00
5.703167893242825359e-01
2.777625292796565351e-03
4.628382634929596451e-01
2.008452245289690019e+00
1.596657734940349627e-01
1.315552792968025519e+00
9.245452574341884722e-01
9.708029126474591874e-02
1.266971826435286497e+00
9.150647458506208642e-02
3.397201206602838974e-01
2.495534532658366667e-01
5.285341644483185775e-01
6.086773822819006030e-01
9.120164136148967149e-01
1.319350832020609987e+00
1.330991180032684851e-01
3.244363025487959074e-01
1.025271484652778564e-01
3.233695613026082438e-01
6.560370213011914586e-01
1.507913137725395286e-02
2.941531238465068809e-01
1.417066818870622580e+00
4.366593049473132537e-01
1.172894773120409351e+00
3.178515099815655554e-02
2.375624110579629411e-01
6.827160345429665878e-01
1.984154796739999727e-01
3.643732143276759428e-01
4.508069321658251249e-01
7.694695052751991948e-01
1.013251951268200557e+00
1.746819012142626582e+00
1.520213826620664122e-01
1.763043009488657054e-01
8.352571657527362303e-01
1.795785826291222076e+00
3.467041937085686525e-03
9.110840288631940620e-01
2.853567319494410448e+00
1.304951487850915803e-01
7.812131885211319980e-03
2.228579464970759372e-01
9.439227338309645610e-02
1.933345731413174395e-01
5.272691111802872976e-01
3.834787777474794185e-02
2.220349583151155048e+00
