-6.745200671101848622e-01
-5.679450228370517273e-01
1.409039300481299328e+00
-3.934167200097760109e-01
2.051900112596593662e+00
-1.304695713795299916e+00
1.909265734092423283e+00
1.029700121757104458e+00
-2.504212346275847545e-01
1.748856728491326451e-01
2.451296472438855567e-01
-3.688031420779179226e-01
-3.001212702811866806e-01
6.970865320444584734e-01
3.584685324583209987e-01
1.305483581568978479e+00
-3.614985680619038355e-01
-2.190016656652551685e-01
-7.191917608480083990e-01
-1.221628239758085988e+00
5.249718318775010717e-01
3.696331359155711760e-01
-1.006482628020764158e+00
-1.158420655050766412e-01
2.714259774984525975e-01
1.626984587950546235e-01
-1.558034547401317971e+00
-2.879860078362456721e-01
6.369842924581289867e-02
-8.222397257879042742e-01
2.701047007845456815e-01
4.993448093458939252e-01
-8.665308456530809167e-01
2.887533145892280939e-01
-8.669749037504946854e-01
7.340651891697688169e-01
-3.720789310964092156e-01
5.315064916016011276e-01
9.253598082289415938e-01
-5.198680230835593941e-01
-4.498900525606662204e-01
1.649679121163338813e-01
1.768438092306214404e+00
-1.833330393815794102e+00
-1.904988427242779170e-03
-1.314311588359598382e+00
6.081455970145981382e-01
-5.924745742163685103e-01
1.633103352263769681e+00
6.381814652467177051e-01
-4.825571192799509301e-01
1.042196101901434968e+00
-1.251293646974126261e+00
1.078004459786968267e-01
-9.822725765044488799e-01
-3.988873346359767535e-01
4.667098252512540402e-01
3.829740567547705310e-01
1.283208702840511028e+00
1.034570590526107781e+00
1.066636470316864482e+00
-1.369647632658807179e+00
-1.881522844449265153e-01
7.191531841018523608e-01
1.882863234160519372e+00
-6.803500035921312694e-01
6.117466168931015025e-01
-5.217523634643883579e-01
-5.795246563339658818e-01
-3.576271368845856946e-01
-7.676070681982756216e-01
-6.423346855558017543e-01
1.040474580656554737e+00
5.458919859502843475e-02
1.325160670994877388e-01
1.002751643969127748e+00
4.976170273302975289e-02
-1.504132440094981815e+00
-5.512322142244683752e-04
1.603038420298685152e+00
-1.795166677467051386e+00
-2.637881217999363814e-01
-6.124398974073302915e-01
5.059827522854964954e-01
1.379507022722549665e-02
-4.534676870611699384e-02
-9.226759127989579978e-01
1.642107154596948337e+00
-1.542059273034321221e+00
1.096332856738788220e+00
1.416905526052055775e+00
-1.298767226192170998e+00
1.180804505392633930e+00
1.470216483815590669e+00
-1.876305320770270457e+00
6.299123027746702519e-01
-5.373019635164647673e-02
-8.749529943465486626e-02
1.103096173546823433e+00
9.098534276032278489e-01
